	Ticket	Spending	Transactions	Unique	Price	Revenue	Rev LTM	Rev_grwth	Transc_grwth	# of transc	Cal'd spend
2/9/2013	1.0000	1.0000	1.0000	1.0000	 36.13 	 4,490 	 4,490 	2.6%		1.0000	1.0000
2/16/2013	0.9846	1.1714	1.0103	1.1777	 36.39 	 4,490 	 4,490 	2.6%		1.1897	0.9947
2/23/2013	0.9692	1.1238	1.0127	1.1450	 36.27 	 6,341 	 5,107 	5.4%		1.1595	0.9815
3/2/2013	0.9703	1.0965	1.0111	1.1176	 36.26 	 6,341 	 5,416 	5.4%		1.1301	0.9811
3/9/2013	0.9825	1.1148	1.0012	1.1333	 36.64 	 6,341 	 5,601 	5.4%		1.1347	0.9837
3/16/2013	0.9551	1.3015	1.0170	1.3398	 39.02 	 6,341 	 5,724 	5.4%		1.3627	0.9713
3/23/2013	0.9866	1.1405	1.0129	1.1413	 36.65 	 6,341 	 5,812 	5.4%		1.1560	0.9993
3/30/2013	0.9977	1.2898	1.0087	1.2816	 36.50 	 6,341 	 5,878 	5.4%		1.2928	1.0064
4/6/2013	1.0019	1.0623	1.0002	1.0600	 38.11 	 6,341 	 5,930 	5.4%		1.0603	1.0021
4/13/2013	0.9693	1.1699	1.0033	1.2029	 38.31 	 6,341 	 5,971 	5.4%		1.2070	0.9725
4/20/2013	0.9496	1.2916	1.0181	1.3360	 37.54 	 6,341 	 6,004 	5.4%		1.3602	0.9668
4/27/2013	0.9501	1.0496	0.9951	1.1101	 38.20 	 6,341 	 6,033 	5.4%		1.1047	0.9454
5/4/2013	0.9312	1.1545	1.0070	1.2312	 38.22 	 6,341 	 6,056 	5.4%		1.2398	0.9377
5/11/2013	0.9504	1.2981	1.0092	1.3533	 38.69 	 6,341 	 6,077 	5.4%		1.3658	0.9591
5/18/2013	0.9347	1.3237	1.0278	1.3779	 40.81 	 4,199 	 5,951 	-1.0%		1.4162	0.9607
5/25/2013	0.9353	1.2556	1.0240	1.3110	 41.07 	 4,199 	 5,842 	-1.0%		1.3425	0.9577
6/1/2013	0.9571	1.2099	1.0106	1.2507	 40.68 	 4,199 	 5,745 	-1.0%		1.2641	0.9672
6/8/2013	0.9581	1.2317	1.0097	1.2732	 41.11 	 4,199 	 5,659 	-1.0%		1.2856	0.9674
6/15/2013	0.9153	1.3054	1.0169	1.4026	 41.54 	 4,199 	 5,582 	-1.0%		1.4262	0.9308
6/22/2013	0.9396	1.1698	1.0030	1.2413	 40.30 	 4,199 	 5,513 	-1.0%		1.2450	0.9424
6/29/2013	0.9689	0.9970	0.9983	1.0308	 40.24 	 4,199 	 5,451 	-1.0%		1.0290	0.9673
7/6/2013	0.9585	1.1502	1.0089	1.1894	 42.02 	 4,199 	 5,394 	-1.0%		1.2000	0.9670
7/13/2013	0.9361	0.9861	1.0000	1.0535	 42.61 	 4,199 	 5,342 	-1.0%		1.0534	0.9361
7/20/2013	0.9028	1.0412	1.0010	1.1521	 42.11 	 4,199 	 5,294 	-1.0%		1.1533	0.9037
7/27/2013	0.9220	0.9827	0.9986	1.0674	 42.53 	 4,199 	 5,250 	-1.0%		1.0658	0.9207
8/3/2013	0.9618	1.1109	1.0119	1.1414	 42.67 	 4,199 	 5,210 	-1.0%		1.1550	0.9732
8/10/2013	0.9838	1.3888	1.0223	1.3808	 40.38 	 4,199 	 5,173 	-1.0%		1.4117	1.0057
8/17/2013	0.9262	1.2586	1.0202	1.3321	 41.64 	 4,289 	 5,141 	2.0%		1.3589	0.9449
8/24/2013	0.9238	1.3098	1.0169	1.3941	 40.63 	 4,289 	 5,112 	2.0%		1.4178	0.9394
8/31/2013	0.9082	1.2304	1.0203	1.3277	 40.87 	 4,289 	 5,084 	2.0%		1.3548	0.9266
9/7/2013	0.9237	1.2048	1.0165	1.2831	 41.73 	 4,289 	 5,059 	2.0%		1.3043	0.9389
9/14/2013	0.8873	1.0036	1.0057	1.1246	 41.09 	 4,289 	 5,035 	2.0%		1.1311	0.8924
9/21/2013	0.9092	1.1086	1.0056	1.2125	 42.18 	 4,289 	 5,012 	2.0%		1.2193	0.9143
9/28/2013	0.9149	1.0057	1.0038	1.0951	 41.73 	 4,289 	 4,991 	2.0%		1.0992	0.9184
10/5/2013	0.9183	1.0482	0.9997	1.1419	 42.11 	 4,289 	 4,971 	2.0%		1.1415	0.9180
10/12/2013	0.9487	1.1062	1.0085	1.1562	 41.26 	 4,289 	 4,952 	2.0%		1.1660	0.9568
10/19/2013	0.9574	1.2265	1.0065	1.2728	 43.25 	 4,289 	 4,934 	2.0%		1.2811	0.9636
10/26/2013	0.9986	1.0896	1.0006	1.0904	 43.90 	 4,289 	 4,917 	2.0%		1.0911	0.9992
11/2/2013	0.9652	1.0216	0.9928	1.0662	 45.59 	 4,289 	 4,901 	2.0%		1.0584	0.9583
11/9/2013	0.9829	1.2034	1.0062	1.2167	 45.73 	 4,289 	 4,885 	2.0%		1.2243	0.9890
11/16/2013	0.9413	1.2639	1.0046	1.3365	 43.26 	 4,444 	 4,875 	-1.0%		1.3427	0.9456
11/23/2013	0.9616	1.2449	1.0045	1.2888	 44.23 	 4,444 	 4,864 	-1.0%		1.2946	0.9659
11/30/2013	1.1482	2.5716	1.0376	2.1585	 44.33 	 4,444 	 4,855 	-1.0%		2.2397	1.1914
12/7/2013	1.0326	2.3142	1.0533	2.1276	 43.87 	 4,444 	 4,845 	-1.0%		2.2411	1.0876
12/14/2013	0.9326	2.3336	1.0444	2.3959	 43.65 	 4,444 	 4,836 	-1.0%		2.5023	0.9740
12/21/2013	0.9743	2.5865	1.0389	2.5554	 44.35 	 4,444 	 4,828 	-1.0%		2.6547	1.0122
12/28/2013	0.9493	2.5824	1.0449	2.6032	 45.15 	 4,444 	 4,820 	-1.0%		2.7203	0.9919
1/4/2014	0.8096	1.2879	0.9991	1.5922	 45.89 	 4,444 	 4,812 	-1.0%		1.5908	0.8089
1/11/2014	0.8803	0.9882	0.9925	1.1310	 46.00 	 4,444 	 4,804 	-1.0%		1.1226	0.8737
1/18/2014	0.9553	0.8476	1.0039	0.8838	 42.72 	 4,444 	 4,797 	-1.0%		0.8873	0.9590
1/25/2014	0.9717	0.8364	1.0207	0.8433	 40.53 	 4,444 	 4,790 	-1.0%		0.8608	0.9918
2/1/2014	0.9325	0.7284	0.9993	0.7817	 40.86 	 4,444 	 4,784 	-1.0%		0.7811	0.9318
2/8/2014	0.9713	0.9559	0.9990	0.9852	 41.32 	 4,444 	 4,777 	-1.0%	-2.9%	0.9841	0.9703
2/15/2014	1.0095	1.1259	1.0096	1.1046	 41.38 	 4,444 	 4,776 	-1.0%	2.5%	1.1153	1.0192
2/22/2014	0.9941	1.1476	1.0115	1.1414	 41.88 	 6,099 	 4,807 	-3.8%	2.6%	1.1544	1.0055
3/1/2014	1.0024	1.0599	0.9981	1.0593	 45.35 	 6,099 	 4,802 	-3.8%	3.3%	1.0574	1.0005
3/8/2014	0.9993	1.0483	0.9958	1.0534	 44.75 	 6,099 	 4,797 	-3.8%	1.7%	1.0490	0.9951
3/15/2014	1.0247	1.0298	0.9936	1.0115	 44.64 	 6,099 	 4,793 	-3.8%	7.3%	1.0050	1.0181
3/22/2014	1.0168	1.1210	1.0059	1.0960	 45.35 	 6,099 	 4,788 	-3.8%	3.1%	1.1025	1.0228
3/29/2014	0.9824	1.0752	1.0048	1.0893	 46.33 	 6,099 	 4,784 	-3.8%	-1.5%	1.0945	0.9871
4/5/2014	0.9696	1.0555	0.9990	1.0897	 46.87 	 6,099 	 4,779 	-3.8%	-3.2%	1.0886	0.9686
4/12/2014	0.9810	1.1037	1.0027	1.1221	 43.51 	 6,099 	 4,775 	-3.8%	1.2%	1.1251	0.9836
4/19/2014	0.9946	1.2082	1.0035	1.2105	 44.10 	 6,099 	 4,770 	-3.8%	4.7%	1.2148	0.9981
4/26/2014	0.9669	1.0152	1.0029	1.0469	 44.45 	 6,099 	 4,766 	-3.8%	1.8%	1.0500	0.9697
5/3/2014	0.9308	1.1345	1.0087	1.2083	 45.29 	 6,099 	 4,761 	-3.8%	0.0%	1.2188	0.9389
5/10/2014	0.9393	1.2516	1.0078	1.3222	 44.50 	 6,099 	 4,756 	-3.8%	-1.2%	1.3325	0.9466
5/17/2014	0.9570	1.2772	1.0120	1.3186	 43.29 	 4,070 	 4,714 	-3.1%	2.4%	1.3346	0.9685
5/24/2014	0.9424	1.1508	1.0070	1.2126	 42.94 	 4,070 	 4,711 	-3.1%	0.8%	1.2211	0.9490
5/31/2014	0.9059	1.1873	1.0334	1.2682	 44.25 	 4,070 	 4,709 	-3.1%	-5.3%	1.3106	0.9362
6/7/2014	0.9590	1.1747	1.0093	1.2135	 44.06 	 4,070 	 4,706 	-3.1%	0.1%	1.2249	0.9679
6/14/2014	0.9185	1.1696	1.0129	1.2571	 42.67 	 4,070 	 4,704 	-3.1%	0.3%	1.2734	0.9303
6/21/2014	0.9436	1.1364	1.0016	1.2023	 42.90 	 4,070 	 4,701 	-3.1%	0.4%	1.2043	0.9451
6/28/2014	0.9649	0.9138	0.9937	0.9530	 43.58 	 4,070 	 4,699 	-3.1%	-0.4%	0.9470	0.9588
7/5/2014	0.9626	0.9408	0.9991	0.9782	 43.35 	 4,070 	 4,697 	-3.1%	0.4%	0.9774	0.9617
7/12/2014	0.9328	1.0651	1.0006	1.1411	 42.17 	 4,070 	 4,694 	-3.1%	-0.4%	1.1418	0.9334
7/19/2014	0.9600	0.9444	0.9979	0.9858	 42.90 	 4,070 	 4,692 	-3.1%	6.3%	0.9838	0.9580
7/26/2014	0.9821	0.9426	0.9979	0.9618	 42.05 	 4,070 	 4,689 	-3.1%	6.5%	0.9598	0.9800
8/2/2014	0.9565	1.0765	1.0131	1.1110	 43.85 	 4,070 	 4,687 	-3.1%	-0.6%	1.1255	0.9690
8/9/2014	0.9844	1.3471	1.0200	1.3416	 45.62 	 4,070 	 4,684 	-3.1%	0.1%	1.3684	1.0041
8/16/2014	0.9551	1.1828	1.0091	1.2272	 46.57 	 4,242 	 4,685 	-1.1%	3.1%	1.2384	0.9638
8/23/2014	0.9745	1.1864	1.0050	1.2114	 48.66 	 4,242 	 4,684 	-1.1%	5.5%	1.2174	0.9794
8/30/2014	0.9104	1.1755	1.0271	1.2571	 48.13 	 4,242 	 4,683 	-1.1%	0.2%	1.2912	0.9351
9/6/2014	0.8914	1.2013	1.0321	1.3056	 49.08 	 4,242 	 4,682 	-1.1%	-3.5%	1.3477	0.9200
9/13/2014	0.9196	0.9301	0.9993	1.0120	 49.76 	 4,242 	 4,682 	-1.1%	3.6%	1.0114	0.9190
9/20/2014	0.9446	1.1045	1.0038	1.1649	 51.08 	 4,242 	 4,681 	-1.1%	3.9%	1.1693	0.9482
9/27/2014	0.9057	0.9785	1.0093	1.0704	 51.25 	 4,242 	 4,680 	-1.1%	-1.0%	1.0804	0.9141
10/4/2014	0.9454	0.9824	1.0129	1.0258	 50.66 	 4,242 	 4,679 	-1.1%	3.0%	1.0391	0.9576
10/11/2014	0.9864	1.1196	1.0232	1.1093	 46.65 	 4,242 	 4,678 	-1.1%	4.0%	1.1350	1.0093
10/18/2014	0.9793	1.1179	1.0138	1.1261	 46.59 	 4,242 	 4,677 	-1.1%	2.3%	1.1415	0.9928
10/25/2014	0.9896	0.9873	1.0038	0.9939	 48.69 	 4,242 	 4,676 	-1.1%	-0.9%	0.9977	0.9934
11/1/2014	0.9762	0.9312	0.9919	0.9617	 44.68 	 4,242 	 4,675 	-1.1%	1.1%	0.9539	0.9683
11/8/2014	1.0168	1.2262	1.0202	1.1821	 47.15 	 4,242 	 4,675 	-1.1%	3.4%	1.2059	1.0373
11/15/2014	0.9310	1.3705	1.0471	1.4059	 47.07 	 4,374 	 4,676 	-1.6%	-1.1%	1.4721	0.9749
11/22/2014	0.9980	1.3398	1.0164	1.3207	 47.98 	 4,374 	 4,675 	-1.6%	3.8%	1.3425	1.0144
11/29/2014	1.1453	2.5973	1.0474	2.1651	 49.13 	 4,374 	 4,673 	-1.6%	-0.3%	2.2678	1.1996
12/6/2014	1.0247	2.3272	1.0633	2.1360	 47.02 	 4,374 	 4,672 	-1.6%	-0.8%	2.2711	1.0896
12/13/2014	0.9262	2.0499	1.0339	2.1409	 47.52 	 4,374 	 4,671 	-1.6%	-0.7%	2.2132	0.9576
12/20/2014	0.9715	2.1590	1.0231	2.1722	 49.44 	 4,374 	 4,670 	-1.6%	-0.3%	2.2223	0.9939
12/27/2014	0.9930	2.7026	1.0470	2.5995	 49.95 	 4,374 	 4,668 	-1.6%	4.6%	2.7217	1.0397
1/3/2015	0.7865	1.3895	1.0238	1.7255	 49.44 	 4,374 	 4,667 	-1.6%	-2.9%	1.7667	0.8052
1/10/2015	0.9126	1.0485	0.9927	1.1573	 49.96 	 4,374 	 4,666 	-1.6%	3.7%	1.1489	0.9059
1/17/2015	0.9724	0.8359	0.9882	0.8699	 49.24 	 4,374 	 4,664 	-1.6%	1.8%	0.8596	0.9609
1/24/2015	1.0030	0.8061	0.9848	0.8161	 49.93 	 4,374 	 4,663 	-1.6%	3.2%	0.8037	0.9878
1/31/2015	0.9737	0.7532	0.9826	0.7872	 49.55 	 4,374 	 4,662 	-1.6%	4.4%	0.7735	0.9568
2/7/2015	0.9872	0.9924	1.0097	0.9957	 57.50 	 4,374 	 4,660 	-1.6%	1.6%	1.0053	0.9968
2/14/2015	1.0354	1.1072	0.9983	1.0711	 56.63 	 4,374 	 4,659 	-1.6%	2.6%	1.0693	1.0336
2/21/2015	1.0019	1.0949	1.0027	1.0899	 57.67 	 6,337 	 4,695 	3.9%	0.8%	1.0928	1.0046
2/28/2015	0.9523	1.0344	1.0183	1.0667	 61.24 	 6,337 	 4,699 	3.9%	-5.0%	1.0862	0.9697
3/7/2015	0.9966	1.0252	0.9980	1.0308	 60.87 	 6,337 	 4,704 	3.9%	-0.3%	1.0287	0.9946
3/14/2015	0.9981	1.0013	0.9976	1.0056	 61.86 	 6,337 	 4,708 	3.9%	-2.6%	1.0032	0.9957
3/21/2015	1.0334	1.1786	1.0089	1.1305	 63.15 	 6,337 	 4,713 	3.9%	1.6%	1.1405	1.0426
3/28/2015	0.9659	1.1629	1.0097	1.1923	 62.87 	 6,337 	 4,717 	3.9%	-1.7%	1.2040	0.9753
4/4/2015	0.9847	1.2148	1.0027	1.2303	 66.01 	 6,337 	 4,722 	3.9%	1.6%	1.2337	0.9874
4/11/2015	1.0138	1.0738	1.0021	1.0571	 65.45 	 6,337 	 4,726 	3.9%	3.3%	1.0592	1.0159
4/18/2015	1.0323	1.1721	0.9947	1.1414	 62.17 	 6,337 	 4,731 	3.9%	3.8%	1.1354	1.0268
4/25/2015	1.0333	1.1924	1.0077	1.1452	 62.27 	 6,337 	 4,735 	3.9%	6.9%	1.1540	1.0413
5/2/2015	0.9952	0.9738	0.9894	0.9889	 61.02 	 6,337 	 4,740 	3.9%	6.9%	0.9785	0.9847
5/9/2015	1.0160	1.3074	1.0097	1.2743	 62.01 	 6,337 	 4,744 	3.9%	8.2%	1.2868	1.0259
5/16/2015	0.9637	1.2625	1.0139	1.2921	 55.21 	 4,123 	 4,707 	1.3%	0.7%	1.3101	0.9771
5/23/2015	0.9864	1.1474	1.0060	1.1563	 55.19 	 4,123 	 4,708 	1.3%	4.7%	1.1632	0.9923
5/30/2015	0.9632	1.1854	1.0232	1.2028	 54.68 	 4,123 	 4,709 	1.3%	6.3%	1.2307	0.9855
6/6/2015	1.0124	1.2020	1.0102	1.1754	 52.95 	 4,123 	 4,710 	1.3%	5.6%	1.1873	1.0227
6/13/2015	0.9856	1.1643	1.0107	1.1690	 52.70 	 4,123 	 4,711 	1.3%	7.3%	1.1813	0.9961
6/20/2015	0.9849	1.1255	0.9992	1.1436	 53.65 	 4,123 	 4,712 	1.3%	4.4%	1.1428	0.9841
6/27/2015	0.9444	1.1496	1.0200	1.1934	 53.28 	 4,123 	 4,713 	1.3%	-2.1%	1.2173	0.9633
7/4/2015	0.8832	1.1628	1.0353	1.2716	 53.08 	 4,123 	 4,714 	1.3%	-8.2%	1.3166	0.9144
7/11/2015	0.9638	0.9401	1.0015	0.9738	 53.77 	 4,123 	 4,715 	1.3%	3.3%	0.9754	0.9652
7/18/2015	0.9885	0.9067	1.0014	0.9158	 52.35 	 4,123 	 4,716 	1.3%	3.0%	0.9172	0.9899
7/25/2015	0.9847	0.9815	1.0051	0.9916	 52.03 	 4,123 	 4,717 	1.3%	0.3%	0.9968	0.9897
8/1/2015	0.9579	1.0815	1.0238	1.1028	 51.56 	 4,123 	 4,718 	1.3%	0.1%	1.1290	0.9807
8/8/2015	0.9964	1.2823	1.0231	1.2579	 50.47 	 4,123 	 4,719 	1.3%	1.2%	1.2869	1.0194
8/15/2015	1.0010	1.2234	1.0094	1.2109	 46.70 	 4,267 	 4,722 	0.6%	4.8%	1.2222	1.0104
8/22/2015	0.9564	1.1772	1.0157	1.2119	 43.98 	 4,267 	 4,723 	0.6%	-1.9%	1.2309	0.9714
8/29/2015	0.9279	1.1484	1.0200	1.2133	 43.49 	 4,267 	 4,723 	0.6%	1.9%	1.2376	0.9465
9/5/2015	0.9687	1.1668	1.0208	1.1799	 42.81 	 4,267 	 4,724 	0.6%	8.7%	1.2045	0.9888
9/12/2015	0.9296	1.0873	1.0266	1.1393	 43.04 	 4,267 	 4,724 	0.6%	1.1%	1.1696	0.9543
9/19/2015	0.9864	0.9577	0.9976	0.9733	 41.74 	 4,267 	 4,725 	0.6%	4.4%	0.9709	0.9840
9/26/2015	0.9605	0.9696	0.9970	1.0125	 40.46 	 4,267 	 4,725 	0.6%	6.1%	1.0095	0.9576
10/3/2015	0.9772	0.9948	0.9963	1.0217	 38.51 	 4,267 	 4,726 	0.6%	3.4%	1.0180	0.9736
10/10/2015	1.0229	1.2244	1.0071	1.1885	 40.10 	 4,267 	 4,726 	0.6%	3.7%	1.1970	1.0302
10/17/2015	0.9840	1.1504	1.0034	1.1651	 38.96 	 4,267 	 4,727 	0.6%	0.5%	1.1691	0.9873
10/24/2015	1.0142	1.0446	0.9968	1.0332	 37.37 	 4,267 	 4,727 	0.6%	2.5%	1.0300	1.0110
10/31/2015	0.9903	1.0437	0.9972	1.0568	 39.12 	 4,267 	 4,728 	0.6%	1.4%	1.0539	0.9875
11/7/2015	0.9932	1.1028	1.0126	1.0964	 39.50 	 4,267 	 4,728 	0.6%	-2.3%	1.1104	1.0057
11/14/2015	0.9124	1.3698	1.0612	1.4147	 36.35 	 4,427 	 4,732 	1.2%	-2.0%	1.5013	0.9682
11/21/2015	0.9830	1.2318	1.0091	1.2418	 39.90 	 4,427 	 4,733 	1.2%	-1.5%	1.2531	0.9919
11/28/2015	1.1630	2.7521	1.0612	2.2300	 40.78 	 4,427 	 4,734 	1.2%	1.5%	2.3664	1.2342
12/5/2015	1.0080	2.5732	1.0845	2.3539	 40.78 	 4,427 	 4,735 	1.2%	-1.6%	2.5528	1.0932
12/12/2015	0.9117	2.2410	1.0604	2.3181	 39.59 	 4,427 	 4,736 	1.2%	-1.6%	2.4580	0.9668
12/19/2015	0.9682	2.2776	1.0367	2.2691	 38.03 	 4,427 	 4,737 	1.2%	-0.3%	2.3524	1.0037
12/26/2015	1.0095	2.8022	1.0488	2.6465	 40.36 	 4,427 	 4,738 	1.2%	1.7%	2.7758	1.0588
1/2/2016	0.8487	1.3809	1.0087	1.6130	 40.78 	 4,427 	 4,739 	1.2%	7.9%	1.6271	0.8561
1/9/2016	0.9150	1.2371	1.0072	1.3423	 41.00 	 4,427 	 4,740 	1.2%	0.3%	1.3520	0.9216
1/16/2016	0.9792	0.8519	0.9903	0.8784	 41.23 	 4,427 	 4,741 	1.2%	0.7%	0.8700	0.9697
1/23/2016	0.9980	0.8387	0.9889	0.8498	 41.24 	 4,427 	 4,742 	1.2%	-0.5%	0.8404	0.9869
1/30/2016	0.9828	0.7343	0.9856	0.7580	 42.60 	 4,427 	 4,743 	1.2%	0.9%	0.7472	0.9686
2/6/2016	0.9861	0.9682	1.0076	0.9745	 36.01 	 4,427 	 4,744 	1.2%	-0.1%	0.9818	0.9936
2/13/2016	1.0076	1.0407	1.0225	1.0101	 34.94 	 4,427 	 4,745 	1.2%	-2.7%	1.0329	1.0303
2/20/2016	1.0318	1.1238	1.0141	1.0741	 38.00 	 6,387 	 4,783 	0.8%	3.0%	1.0892	1.0463
2/27/2016	1.0436	1.0004	1.0079	0.9511	 40.09 	 6,387 	 4,784 	0.8%	9.6%	0.9586	1.0518
3/5/2016	1.0373	1.1506	1.0253	1.0819	 40.66 	 6,387 	 4,785 	0.8%	4.1%	1.1092	1.0635
3/12/2016	1.0129	1.1365	1.0235	1.0963	 42.47 	 6,387 	 4,785 	0.8%	1.5%	1.1220	1.0367
3/19/2016	0.9732	1.2024	1.0297	1.1997	 41.68 	 6,387 	 4,786 	0.8%	-5.8%	1.2355	1.0021
3/26/2016	1.0195	1.1751	1.0174	1.1330	 39.75 	 6,387 	 4,787 	0.8%	5.5%	1.1526	1.0372
4/2/2016	0.9980	0.9767	1.0008	0.9778	 39.58 	 6,387 	 4,788 	0.8%	1.4%	0.9787	0.9988
4/9/2016	1.0265	1.1640	1.0043	1.1291	 37.53 	 6,387 	 4,789 	0.8%	1.3%	1.1340	1.0309
4/16/2016	1.0167	1.1219	1.0132	1.0891	 37.53 	 6,387 	 4,790 	0.8%	-1.5%	1.1035	1.0301
4/23/2016	1.0424	1.0487	1.0056	1.0005	 39.34 	 6,387 	 4,791 	0.8%	0.9%	1.0060	1.0482
4/30/2016	1.0743	0.9538	0.9951	0.8922	 38.34 	 6,387 	 4,792 	0.8%	7.9%	0.8878	1.0690
5/7/2016	1.0185	1.2913	1.0159	1.2479	 35.80 	 6,387 	 4,793 	0.8%	0.2%	1.2678	1.0347
5/14/2016	0.9851	1.2115	1.0178	1.2082	 30.93 	 3,972 	 4,748 	-3.7%	2.2%	1.2298	1.0026
5/21/2016	1.0306	1.0133	0.9988	0.9844	 31.02 	 3,972 	 4,746 	-3.7%	4.5%	0.9832	1.0294
5/28/2016	0.9859	1.1546	1.0265	1.1409	 31.25 	 3,972 	 4,743 	-3.7%	2.4%	1.1711	1.0120
6/4/2016	0.9607	1.3457	1.0518	1.3318	 32.93 	 3,972 	 4,740 	-3.7%	-5.1%	1.4007	1.0105
6/11/2016	0.9879	1.1235	1.0088	1.1272	 32.27 	 3,972 	 4,737 	-3.7%	0.2%	1.1373	0.9966
6/18/2016	1.0186	1.1074	1.0076	1.0789	 31.88 	 3,972 	 4,734 	-3.7%	3.4%	1.0872	1.0263
6/25/2016	0.9790	1.1685	1.0248	1.1648	 31.71 	 3,972 	 4,731 	-3.7%	3.7%	1.1936	1.0033
7/2/2016	0.9296	1.0753	1.0206	1.1335	 33.29 	 3,972 	 4,728 	-3.7%	5.3%	1.1567	0.9487
7/9/2016	0.9729	1.0422	1.0171	1.0531	 34.45 	 3,972 	 4,726 	-3.7%	0.9%	1.0712	0.9895
7/16/2016	0.9929	0.9358	1.0099	0.9332	 33.86 	 3,972 	 4,723 	-3.7%	0.4%	0.9425	1.0027
7/23/2016	1.0216	0.9555	1.0081	0.9277	 34.61 	 3,972 	 4,720 	-3.7%	3.7%	0.9353	1.0299
7/30/2016	1.0371	1.0145	1.0063	0.9720	 36.47 	 3,972 	 4,717 	-3.7%	8.3%	0.9782	1.0436
8/6/2016	1.0461	1.2909	1.0331	1.1944	 34.46 	 3,972 	 4,714 	-3.7%	5.0%	1.2340	1.0807
8/13/2016	1.0441	1.2111	1.0122	1.1458	 39.41 	 4,182 	 4,715 	-2.0%	4.3%	1.1599	1.0568
8/20/2016	1.0351	1.2882	1.0227	1.2169	 39.83 	 4,182 	 4,714 	-2.0%	8.2%	1.2445	1.0586
8/27/2016	0.9748	1.0960	1.0088	1.1144	 39.06 	 4,182 	 4,712 	-2.0%	5.1%	1.1243	0.9834
9/3/2016	1.0247	0.9810	1.0045	0.9530	 38.61 	 4,182 	 4,710 	-2.0%	5.8%	0.9574	1.0293
9/10/2016	1.0036	1.1176	1.0126	1.0997	 38.04 	 4,182 	 4,709 	-2.0%	8.0%	1.1136	1.0162
9/17/2016	0.9585	0.9188	0.9983	0.9602	 38.11 	 4,182 	 4,707 	-2.0%	-2.8%	0.9586	0.9569
9/24/2016	0.9819	0.9040	0.9964	0.9240	 38.46 	 4,182 	 4,706 	-2.0%	2.2%	0.9207	0.9784
10/1/2016	0.9874	1.1479	1.0137	1.1467	 38.81 	 4,182 	 4,704 	-2.0%	1.0%	1.1625	1.0009
10/8/2016	1.0084	1.2829	1.0213	1.2456	 40.92 	 4,182 	 4,702 	-2.0%	-1.4%	1.2722	1.0299
10/15/2016	0.9963	1.1485	1.0180	1.1323	 38.74 	 4,182 	 4,701 	-2.0%	1.3%	1.1528	1.0142
10/22/2016	1.0042	0.9745	1.0045	0.9660	 39.96 	 4,182 	 4,699 	-2.0%	-1.0%	0.9704	1.0087
10/29/2016	0.9752	1.0016	1.0057	1.0213	 39.13 	 4,182 	 4,698 	-2.0%	-1.5%	1.0271	0.9808
11/5/2016	0.9735	1.0313	1.0250	1.0336	 37.98 	 4,182 	 4,696 	-2.0%	-2.0%	1.0594	0.9978
11/12/2016	0.9333	1.0716	1.0469	1.0967	 47.21 	 4,327 	 4,697 	-2.3%	2.3%	1.1482	0.9771
11/19/2016	0.9948	1.3106	1.0276	1.2821	 48.40 	 4,327 	 4,695 	-2.3%	1.2%	1.3175	1.0223
11/26/2016	1.1874	2.8217	1.0675	2.2262	 48.62 	 4,327 	 4,693 	-2.3%	2.1%	2.3764	1.2675
12/3/2016	1.0584	2.4689	1.0957	2.1290	 48.98 	 4,327 	 4,692 	-2.3%	5.0%	2.3327	1.1597
12/10/2016	0.9394	2.2581	1.0672	2.2525	 51.47 	 4,327 	 4,690 	-2.3%	3.0%	2.4038	1.0025
12/17/2016	0.9920	2.0770	1.0398	2.0135	 45.78 	 4,327 	 4,688 	-2.3%	2.5%	2.0938	1.0315
12/24/2016	1.0272	2.7745	1.0551	2.5600	 44.63 	 4,327 	 4,686 	-2.3%	1.8%	2.7010	1.0838
12/31/2016	0.8949	1.4483	1.0197	1.5871	 44.20 	 4,327 	 4,684 	-2.3%	5.4%	1.6184	0.9125
1/7/2017	0.9377	1.0444	0.9959	1.1184	 37.08 	 6,205 	 4,718 	-2.8%	2.5%	1.1138	0.9339
1/14/2017	0.9651	0.8272	0.9956	0.8608	 36.51 	 6,205 	 4,751 	-2.8%	-1.4%	0.8571	0.9609
1/21/2017	1.0249	0.7763	0.9935	0.7625	 36.28 	 6,205 	 4,785 	-2.8%	2.7%	0.7574	1.0182
1/28/2017	1.0117	0.6943	0.9898	0.6934	 34.91 	 6,205 	 4,818 	-2.8%	2.9%	0.6863	1.0014
2/4/2017	0.9949	0.8163	1.0036	0.8175	 35.96 	 6,205 	 4,852 	-2.8%	0.9%	0.8205	0.9985
2/11/2017	1.0208	0.8439	1.0064	0.8215	 37.63 	 6,205 	 4,885 	-2.8%	1.3%	0.8267	1.0273
2/18/2017	0.9716	0.9177	1.0060	0.9388	 37.57 	 6,205 	 4,919 	-2.8%	-5.8%	0.9445	0.9774
2/25/2017	1.0555	0.9998	1.0065	0.9411	 38.48 	 6,205 	 4,915 	-2.8%	1.1%	0.9472	1.0624
3/4/2017	1.1077	1.0539	1.0178	0.9347	 37.00 	 6,205 	 4,912 	-2.8%	6.8%	0.9514	1.1274
3/11/2017	1.0540	1.0240	1.0077	0.9640	 36.70 	 6,205 	 4,909 	-2.8%	4.1%	0.9715	1.0621
3/18/2017	1.0231	1.0913	1.0301	1.0355	 36.73 	 6,205 	 4,905 	-2.8%	5.1%	1.0667	1.0539
3/25/2017	1.0233	0.9725	1.0060	0.9447	 33.94 	 6,205 	 4,902 	-2.8%	0.4%	0.9504	1.0294
4/1/2017	1.0055	1.0743	1.0171	1.0504	 36.11 	 6,205 	 4,898 	-2.8%	0.8%	1.0684	1.0227
4/8/2017	1.0262	1.1755	1.0236	1.1190	 35.56 	 6,205 	 4,895 	-2.8%	0.0%	1.1455	1.0504
4/15/2017	1.0538	1.1900	1.0058	1.1227	 35.79 	 6,205 	 4,891 	-2.8%	3.6%	1.1292	1.0599
4/22/2017	1.0618	1.0270	1.0024	0.9649	 36.35 	 6,205 	 4,888 	-2.8%	1.9%	0.9672	1.0643
4/29/2017	1.0320	1.1243	1.0059	1.0830	 35.41 	 6,205 	 4,884 	-2.8%	-3.9%	1.0894	1.0381
5/6/2017	1.0117	1.3150	1.0282	1.2640	 36.40 	 6,205 	 4,881 	-2.8%	-0.7%	1.2998	1.0402
5/13/2017	1.0038	1.2162	1.0149	1.1937	 33.10 	 3,843 	 4,833 	-3.2%	1.9%	1.2116	1.0188
5/20/2017	1.0595	1.1098	1.0030	1.0442	 33.96 	 3,843 	 4,831 	-3.2%	2.8%	1.0475	1.0627
5/27/2017	1.0183	1.0731	1.0237	1.0294	 35.13 	 3,843 	 4,828 	-3.2%	3.3%	1.0538	1.0424
6/3/2017	0.9391	1.1541	1.0417	1.1798	 35.36 	 3,843 	 4,826 	-3.2%	-2.2%	1.2289	0.9783
6/10/2017	1.0290	1.0940	1.0096	1.0530	 34.85 	 3,843 	 4,823 	-3.2%	4.2%	1.0632	1.0389
6/17/2017	1.0420	1.1143	1.0052	1.0639	 34.40 	 3,843 	 4,821 	-3.2%	2.3%	1.0694	1.0474
6/24/2017	1.0019	1.1693	1.0276	1.1359	 34.07 	 3,843 	 4,818 	-3.2%	2.3%	1.1671	1.0296
7/1/2017	0.9545	1.0617	1.0240	1.0862	 35.58 	 3,843 	 4,816 	-3.2%	2.7%	1.1123	0.9774
7/8/2017	0.9693	1.1085	1.0226	1.1183	 35.19 	 3,843 	 4,814 	-3.2%	-0.4%	1.1436	0.9912
7/15/2017	0.9969	0.9486	1.0100	0.9420	 35.71 	 3,843 	 4,811 	-3.2%	0.4%	0.9515	1.0069
7/22/2017	1.0108	0.9472	1.0089	0.9289	 37.23 	 3,843 	 4,809 	-3.2%	-1.1%	0.9371	1.0198
7/29/2017	1.0430	1.0210	1.0109	0.9683	 37.95 	 3,843 	 4,806 	-3.2%	0.6%	0.9789	1.0544
8/5/2017	1.0653	1.2945	1.0318	1.1777	 38.55 	 3,843 	 4,804 	-3.2%	1.8%	1.2152	1.0992
8/12/2017	1.0797	1.2105	1.0094	1.1107	 35.55 	 4,144 	 4,807 	-0.9%	3.4%	1.1211	1.0898
8/19/2017	1.0709	1.2843	1.0198	1.1760	 34.30 	 4,144 	 4,806 	-0.9%	3.5%	1.1993	1.0921
8/26/2017	0.9981	1.1164	1.0142	1.1028	 36.09 	 4,144 	 4,806 	-0.9%	2.4%	1.1185	1.0123
9/2/2017	1.0149	1.0337	1.0171	1.0014	 37.42 	 4,144 	 4,805 	-0.9%	-1.0%	1.0185	1.0323
9/9/2017	1.0210	1.2443	1.0331	1.1796	 39.73 	 4,144 	 4,804 	-0.9%	1.7%	1.2187	1.0548
9/16/2017	1.0141	0.9504	1.0010	0.9363	 42.69 	 4,144 	 4,803 	-0.9%	5.8%	0.9372	1.0151
9/23/2017	1.0127	0.9338	1.0008	0.9213	 43.58 	 4,144 	 4,803 	-0.9%	3.1%	0.9221	1.0135
9/30/2017	0.9924	1.0669	1.0171	1.0571	 43.19 	 4,144 	 4,802 	-0.9%	0.5%	1.0751	1.0094
10/7/2017	1.0005	1.2502	1.0245	1.2195	 41.00 	 4,144 	 4,801 	-0.9%	-0.8%	1.2496	1.0250
10/14/2017	0.9957	1.1524	1.0220	1.1324	 39.87 	 4,144 	 4,801 	-0.9%	-0.1%	1.1574	1.0176
10/21/2017	1.0533	1.0734	1.0022	1.0169	 42.09 	 4,144 	 4,800 	-0.9%	4.9%	1.0191	1.0556
10/28/2017	0.9985	1.1073	1.0132	1.0944	 40.28 	 4,144 	 4,799 	-0.9%	2.4%	1.1090	1.0117
11/4/2017	1.0242	1.2070	1.0261	1.1484	 39.76 	 4,144 	 4,798 	-0.9%	5.2%	1.1785	1.0509
11/11/2017	1.0212	1.3563	1.0356	1.2825	 40.72 	 4,332 	 4,801 	0.1%	9.4%	1.3281	1.0576
11/18/2017	1.0000	1.3269	1.0264	1.2926	 41.36 	 4,332 	 4,801 	0.1%	0.5%	1.3269	1.0264
11/25/2017	1.2000	2.9748	1.0751	2.3059	 42.66 	 4,332 	 4,801 	0.1%	1.1%	2.4790	1.2901
12/2/2017	1.0879	2.7064	1.1078	2.2457	 45.46 	 4,332 	 4,802 	0.1%	2.8%	2.4877	1.2052
12/9/2017	0.9422	2.3822	1.0675	2.3685	 47.62 	 4,332 	 4,802 	0.1%	0.3%	2.5283	1.0058
12/16/2017	1.0156	2.2034	1.0416	2.0828	 49.12 	 4,332 	 4,802 	0.1%	2.4%	2.1696	1.0578
12/23/2017	1.0457	2.7723	1.0539	2.5156	 51.33 	 4,332 	 4,802 	0.1%	1.8%	2.6511	1.1021
12/30/2017	0.9567	1.8396	1.0354	1.8571	 51.87 	 4,332 	 4,802 	0.1%	6.9%	1.9229	0.9906
1/6/2018	0.9217	1.1842	1.0070	1.2759	 52.00 	 4,332 	 4,802 	0.1%	-1.7%	1.2848	0.9282
1/13/2018	0.9609	0.9297	1.0004	0.9672	 61.09 	 4,332 	 4,767 	0.1%	-0.4%	0.9675	0.9613
1/20/2018	1.0287	0.8327	0.9967	0.8121	 64.60 	 4,332 	 4,731 	0.1%	0.4%	0.8095	1.0253
1/27/2018	1.0332	0.7568	0.9968	0.7347	 65.39 	 4,332 	 4,696 	0.1%	2.1%	0.7325	1.0299
2/3/2018	1.0398	0.8217	0.9934	0.7955	 60.71 	 4,332 	 4,661 	0.1%	4.5%	0.7902	1.0329
2/10/2018	1.0836	0.9358	1.0082	0.8566	 58.80 	 4,332 	 4,625 	0.1%	6.2%	0.8636	1.0925
2/17/2018	1.0586	0.9678	1.0076	0.9073	 62.76 	 4,332 	 4,590 	0.1%	9.0%	0.9142	1.0666
2/24/2018	1.1000	1.0707	1.0091	0.9646	 63.58 	 4,332 	 4,555 	0.1%	4.2%	0.9734	1.1100
3/3/2018	1.1245	1.0951	1.0141	0.9603	 63.61 	 6,776 	 4,565 	9.2%	1.5%	0.9739	1.1404
3/10/2018	1.1042	1.0868	1.0044	0.9798	 60.23 	 6,776 	 4,576 	9.2%	4.8%	0.9842	1.1091
3/17/2018	1.0668	1.2144	1.0216	1.1143	 60.97 	 6,776 	 4,587 	9.2%	4.3%	1.1384	1.0898
3/24/2018	1.0487	1.1644	1.0109	1.0983	 59.86 	 6,776 	 4,598 	9.2%	2.5%	1.1103	1.0601
3/31/2018	1.0679	1.2150	1.0140	1.1220	 63.27 	 6,776 	 4,609 	9.2%	6.2%	1.1377	1.0829
4/7/2018	1.0785	1.1242	1.0123	1.0298	 61.82 	 6,776 	 4,619 	9.2%	5.1%	1.0424	1.0918
4/14/2018	1.0643	1.1300	1.0107	1.0506	 59.25 	 6,776 	 4,630 	9.2%	1.0%	1.0617	1.0757
4/21/2018	1.0788	1.0077	1.0014	0.9328	 56.39 	 6,776 	 4,641 	9.2%	1.6%	0.9341	1.0803
4/28/2018	1.0509	1.1727	1.0266	1.0870	 60.20 	 6,776 	 4,652 	9.2%	1.8%	1.1159	1.0789
5/5/2018	1.0633	1.3857	1.0377	1.2558	 60.95 	 6,776 	 4,662 	9.2%	5.1%	1.3032	1.1034
5/12/2018	1.0925	1.3757	1.0214	1.2328	 58.17 	 6,776 	 4,673 	9.2%	8.8%	1.2592	1.1159
5/19/2018	1.1119	1.2069	1.0060	1.0789	 61.50 	 6,776 	 4,729 	9.2%	4.9%	1.0854	1.1186
5/26/2018	1.0772	1.2387	1.0265	1.1202	 63.05 	 4,208 	 4,735 	9.5%	5.8%	1.1499	1.1057
6/2/2018	1.0177	1.3779	1.0919	1.2400	 66.04 	 4,208 	 4,742 	9.5%	8.4%	1.3539	1.1112
6/9/2018	1.0454	1.2277	1.0203	1.1508	 75.11 	 4,208 	 4,749 	9.5%	1.6%	1.1744	1.0666
6/16/2018	1.0707	1.1411	1.0079	1.0575	 72.04 	 4,208 	 4,756 	9.5%	2.8%	1.0658	1.0792
6/23/2018	1.0512	1.1959	1.0170	1.1186	 71.88 	 4,208 	 4,763 	9.5%	4.9%	1.1377	1.0691
6/30/2018	1.0205	1.1130	1.0197	1.0695	 70.96 	 4,208 	 4,770 	9.5%	6.9%	1.0906	1.0406
7/7/2018	1.0347	1.2127	1.0281	1.1400	 69.49 	 4,208 	 4,777 	9.5%	6.7%	1.1720	1.0638
7/14/2018	1.0414	1.0367	1.0149	0.9808	 67.29 	 4,208 	 4,784 	9.5%	4.5%	0.9955	1.0569
7/21/2018	1.0252	1.0446	1.0149	1.0040	 71.70 	 4,208 	 4,791 	9.5%	1.4%	1.0189	1.0405
7/28/2018	1.0347	1.0622	1.0239	1.0026	 70.60 	 4,208 	 4,797 	9.5%	-0.8%	1.0266	1.0594
8/4/2018	1.0877	1.3043	1.0315	1.1625	 70.39 	 4,208 	 4,804 	9.5%	2.1%	1.1991	1.1220
8/11/2018	1.1060	1.3073	1.0205	1.1582	 73.65 	 4,208 	 4,811 	9.5%	2.4%	1.1820	1.1287
8/18/2018	1.0651	1.3898	1.0312	1.2653	 74.41 	 4,208 	 4,812 	9.5%	-0.5%	1.3049	1.0983
8/25/2018	1.0288	1.2236	1.0198	1.1662	 78.71 	 4,570 	 4,820 	10.3%	3.1%	1.1893	1.0492
9/1/2018	1.0283	1.1196	1.0260	1.0612	 77.01 	 4,570 	 4,828 	10.3%	1.3%	1.0888	1.0550
9/8/2018	0.9914	1.2597	1.0432	1.2180	 78.12 	 4,570 	 4,836 	10.3%	-2.9%	1.2706	1.0342
9/15/2018	1.0083	1.0031	1.0110	0.9840	 79.29 	 4,570 	 4,845 	10.3%	-0.6%	0.9948	1.0194
9/22/2018	1.0414	0.9553	1.0019	0.9156	 74.43 	 4,570 	 4,853 	10.3%	2.8%	0.9173	1.0434
9/29/2018	1.0097	1.1338	1.0281	1.0922	 73.12 	 4,570 	 4,861 	10.3%	1.7%	1.1229	1.0381
10/6/2018	1.0053	1.2669	1.0445	1.2065	 70.85 	 4,570 	 4,869 	10.3%	0.5%	1.2602	1.0500
10/13/2018	1.0105	1.1839	1.0273	1.1405	 71.26 	 4,570 	 4,877 	10.3%	1.5%	1.1716	1.0381
10/20/2018	1.0763	1.2393	1.0207	1.1281	 69.89 	 4,570 	 4,885 	10.3%	2.2%	1.1514	1.0986
10/27/2018	1.0450	1.2433	1.0371	1.1473	 72.37 	 4,570 	 4,893 	10.3%	4.7%	1.1898	1.0838
11/3/2018	0.9621	1.1672	1.0453	1.1605	 75.43 	 4,570 	 4,901 	10.3%	-6.1%	1.2132	1.0057
11/10/2018	1.0214	1.3181	1.0520	1.2267	 80.40 	 4,570 	 4,909 	10.3%	0.0%	1.2905	1.0745
11/17/2018	1.0198	1.5352	1.0587	1.4218	 71.10 	 4,570 	 4,913 	10.3%	2.0%	1.5054	1.0797
11/24/2018	1.1827	2.8932	1.0987	2.2264	 62.61 	 4,570 	 4,918 	10.3%	-1.4%	2.4463	1.2994
12/1/2018	1.0443	2.9646	1.1524	2.4633	 65.88 	 4,570 	 4,922 	10.3%	-4.0%	2.8388	1.2035
12/8/2018	0.9140	2.4020	1.0990	2.3913	 61.28 	 4,570 	 4,927 	10.3%	-3.0%	2.6280	1.0045
12/15/2018	0.9846	2.2202	1.0685	2.1103	 60.65 	 4,570 	 4,931 	10.3%	-3.1%	2.2549	1.0520
12/22/2018	1.0277	2.6560	1.0635	2.4301	 58.82 	 4,570 	 4,936 	10.3%	-1.7%	2.5844	1.0930
12/29/2018	1.0124	2.1269	1.0440	2.0123	 64.43 	 4,570 	 4,940 	10.3%	5.8%	2.1008	1.0569
1/5/2019	0.9098	1.2075	1.0107	1.3132	 65.77 	 4,570 	 4,945 	10.3%	-1.3%	1.3272	0.9195
1/12/2019	0.9392	0.9393	1.0058	0.9944	 66.62 	 4,570 	 4,949 	10.3%	-2.3%	1.0001	0.9446
1/19/2019	1.0210	0.8405	1.0025	0.8212	 69.27 	 4,570 	 4,954 	10.3%	-0.7%	0.8232	1.0236
1/26/2019	1.0151	0.7565	1.0047	0.7418	 70.01 	 4,570 	 4,958 	10.3%	-1.8%	0.7452	1.0199
2/2/2019	1.0308	0.7979	0.9970	0.7762	 66.04 	 4,570 	 4,963 	10.3%	-0.9%	0.7741	1.0277
2/9/2019	1.0363	0.9139	1.0189	0.8655	 64.23 	 4,570 	 4,967 	10.3%	-4.4%	0.8819	1.0559
2/16/2019	1.0304	0.9899	1.0178	0.9438	 65.29 	 4,570 	 4,972 	10.3%	-2.7%	0.9607	1.0487
2/23/2019	1.0419	0.9459	1.0118	0.8973	 63.75 	 4,570 	 4,976 	10.3%	-5.3%	0.9079	1.0542
3/2/2019	1.1117	0.9754	1.0216	0.8587	 67.44 	 4,570 	 4,981 	10.3%	-1.1%	0.8774	1.1357
3/9/2019	1.1319	1.1138	1.0269	0.9582	 67.11 	 6,823 	 4,982 	0.7%	2.5%	0.9840	1.1623
3/16/2019	1.0748	1.1561	1.0261	1.0483	 67.32 	 6,823 	 4,982 	0.7%	0.7%	1.0756	1.1029
3/23/2019	1.0743	1.0866	1.0161	0.9954	 67.03 	 6,823 	 4,983 	0.7%	2.4%	1.0114	1.0916
3/30/2019	1.0863	0.9922	1.0130	0.9017	 68.77 	 6,823 	 4,984 	0.7%	1.7%	0.9134	1.1004
4/6/2019	1.0804	1.1681	1.0340	1.0456	 72.00 	 6,823 	 4,985 	0.7%	0.2%	1.0812	1.1171
4/13/2019	1.0634	1.1468	1.0318	1.0451	 69.73 	 6,823 	 4,986 	0.7%	-0.1%	1.0784	1.0972
4/20/2019	1.1125	1.1655	1.0134	1.0337	 70.37 	 6,823 	 4,987 	0.7%	3.1%	1.0476	1.1274
4/27/2019	1.0536	1.0985	1.0182	1.0240	 72.41 	 6,823 	 4,988 	0.7%	0.3%	1.0426	1.0728
5/4/2019	1.0401	1.2523	1.0370	1.1609	 69.19 	 6,823 	 4,989 	0.7%	-2.2%	1.2040	1.0786
